94 81
93 81
92 81
91 81
90 81
89 81
88 81
87 81
86 81
85 81
84 81
83 81
82 81
82 80
82 79
82 78
82 77
82 76
82 75
82 74
83 74
83 73
83 72
83 71
83 70
83 69
83 68
83 67
83 66
83 65
83 64
83 63
83 62
83 61
83 60
83 59
83 58
83 57
83 56
83 55
83 54
83 53
83 52
83 51
83 50
83 49
83 48
83 47
83 46
83 45
83 44
82 44
81 44
80 44
79 44
78 44
77 44
76 44
75 44
74 44
73 44
72 44
71 44
70 44
69 44
68 44
67 44
66 44
65 44
64 44
63 44
62 44
61 44
60 44
59 44
58 44
57 44
56 44
55 44
54 44
53 44
52 44
51 44
50 44
50 43
50 42
50 41
50 40
50 39
50 38
50 37
50 36
50 35
50 34
50 33
50 32
50 31
50 30
50 29
50 28
50 27
50 26
50 25
50 24
50 23
49 23
48 23
47 23
46 23
45 23
44 23
43 23
42 23
41 23
40 23
39 23
38 23
37 23
37 24
37 25
37 26
37 27
37 28
37 29
37 30
37 31
37 32
37 33
37 34
37 35
37 36
37 37
37 38
37 39
37 40
37 41
37 42
37 43
37 44
37 45
37 46
37 47
37 48
37 49
37 50
37 51
37 52
37 53
37 54
37 55
37 56
37 57
37 58
37 59
37 60
37 61
37 62
37 63
37 64
37 65
37 66
37 67
37 68
37 69
36 69
35 69
34 69
33 69
32 69
31 69
30 69
29 69
28 69
27 69
26 69
25 69
24 69
24 68
24 67
24 66
24 65
24 64
24 63
24 62
24 61
24 60
24 59
24 58
24 57
24 56
24 55
24 54
24 53
24 52
24 51
24 50
24 49
24 48
24 47
24 46
24 45
24 44
24 43
24 42
24 41
24 40
24 39
24 38
24 37
24 36
24 35
24 34
24 33
24 32
24 31
24 30
24 29
24 28
24 27
24 26
24 25
24 24
24 23
24 22
24 21
24 20
24 19
24 18
24 17
24 16
24 15
24 14
24 13
24 12
23 12
22 12
21 12
20 12
19 12
18 12
17 12
16 12
15 12
14 12
13 12
12 12
12 11
11 11
11 10
11 9
11 8
11 7
11 6
11 5
10 5
9 5
8 5
7 5
6 5
5 5
4 5
3 5
2 5
1 5
0 5
