325**********
2 1 3 0 0 3 1
3 1 9 2 1 3 6
4 1 13 3 1 9 4
5 1 19 4 1 13 6
6 1 21 5 1 19 2
8 1 27 7 1 23 4
9 1 29 8 1 27 2
11 1 33 10 1 31 2
13 1 39 12 1 35 4
14 3 1 1 1 1 2
15 3 9 14 3 1 8
15 3 9 3 1 9 2
16 3 11 15 3 9 2
17 3 13 4 1 13 2
19 3 17 18 3 15 2
20 3 19 19 3 17 2
20 3 19 5 1 19 2
22 3 23 21 3 21 2
23 3 25 22 3 23 2
24 3 27 8 1 27 2
25 3 29 9 1 29 2
26 3 31 25 3 29 2
26 3 31 10 1 31 2
27 3 33 11 1 33 2
28 3 35 27 3 33 2
28 3 35 12 1 35 2
29 3 37 28 3 35 2
32 5 5 31 5 1 4
33 5 7 32 5 5 2
35 5 13 34 5 11 2
37 5 17 19 3 17 2
38 5 19 37 5 17 2
40 5 23 39 5 21 2
40 5 23 22 3 23 2
41 5 25 23 3 25 2
42 5 27 41 5 25 2
43 5 29 25 3 29 2
44 5 31 43 5 29 2
47 5 37 46 5 35 2
47 5 37 29 3 37 2
48 5 39 47 5 37 2
48 5 39 30 3 39 2
50 7 5 49 7 1 4
50 7 5 32 5 5 2
51 7 7 33 5 7 2
53 7 21 52 7 17 4
53 7 21 39 5 21 2
54 7 23 53 7 21 2
56 7 27 55 7 25 2
56 7 27 42 5 27 2
57 7 29 56 7 27 2
58 7 33 45 5 33 2
59 7 35 58 7 33 2
59 7 35 46 5 35 2
61 7 39 48 5 39 2
62 9 1 49 7 1 2
63 9 7 62 9 1 6
64 9 9 63 9 7 2
64 9 9 15 3 9 6
65 9 11 34 5 11 4
66 9 13 35 5 13 4
67 9 15 66 9 13 2
67 9 15 36 5 15 4
68 9 17 67 9 15 2
68 9 17 52 7 17 2
69 9 19 68 9 17 2
70 9 21 53 7 21 2
71 9 25 70 9 21 4
73 9 29 57 7 29 2
74 9 31 73 9 29 2
74 9 31 44 5 31 4
75 9 33 58 7 33 2
76 9 35 75 9 33 2
78 11 1 62 9 1 2
79 11 5 78 11 1 4
80 11 7 63 9 7 2
82 11 11 81 11 9 2
84 11 17 83 11 13 4
86 11 21 70 9 21 2
87 11 23 86 11 21 2
88 11 27 72 9 27 2
89 11 29 88 11 27 2
90 11 31 74 9 31 2
92 11 35 91 11 33 2
92 11 35 76 9 35 2
93 11 37 92 11 35 2
93 11 37 60 7 37 4
94 13 1 78 11 1 2
96 13 5 95 13 3 2
96 13 5 79 11 5 2
98 13 9 97 13 7 2
98 13 9 81 11 9 2
99 13 11 98 13 9 2
100 13 13 99 13 11 2
100 13 13 83 11 13 2
102 13 17 84 11 17 2
103 13 19 102 13 17 2
103 13 19 85 11 19 2
104 13 25 103 13 19 6
104 13 25 71 9 25 4
105 13 29 89 11 29 2
106 13 31 105 13 29 2
109 13 37 108 13 35 2
109 13 37 93 11 37 2
110 13 39 109 13 37 2
110 13 39 77 9 39 4
112 15 3 111 15 1 2
112 15 3 95 13 3 2
113 15 11 112 15 3 8
113 15 11 99 13 11 2
115 15 15 114 15 13 2
115 15 15 101 13 15 2
116 15 23 115 15 15 8
118 15 27 117 15 25 2
118 15 27 88 11 27 4
119 15 29 118 15 27 2
120 15 31 119 15 29 2
121 15 33 107 13 33 2
122 15 37 121 15 33 4
122 15 37 109 13 37 2
123 15 39 110 13 39 2
124 17 1 111 15 1 2
126 17 5 125 17 3 2
127 17 9 126 17 5 4
128 17 13 127 17 9 4
128 17 13 114 15 13 2
129 17 15 128 17 13 2
131 17 21 130 17 17 4
133 17 27 132 17 25 2
136 17 39 135 17 35 4
139 19 5 138 19 3 2
139 19 5 126 17 5 2
140 19 7 139 19 5 2
141 19 9 127 17 9 2
143 19 13 142 19 11 2
144 19 15 143 19 13 2
146 19 19 145 19 17 2
147 19 21 131 17 21 2
148 19 23 147 19 21 2
148 19 23 116 15 23 4
149 19 25 148 19 23 2
149 19 25 132 17 25 2
150 19 27 133 17 27 2
151 19 29 150 19 27 2
151 19 29 119 15 29 4
152 19 31 151 19 29 2
152 19 31 134 17 31 2
154 19 37 153 19 35 2
155 19 39 154 19 37 2
155 19 39 136 17 39 2
156 21 1 137 19 1 2
157 21 5 156 21 1 4
158 21 7 140 19 7 2
159 21 9 158 21 7 2
161 21 13 160 21 11 2
161 21 13 143 19 13 2
162 21 15 161 21 13 2
164 21 19 163 21 17 2
164 21 19 146 19 19 2
165 21 21 164 21 19 2
165 21 21 147 19 21 2
166 21 23 148 19 23 2
167 21 25 166 21 23 2
168 21 29 151 19 29 2
169 21 31 152 19 31 2
170 21 33 121 15 33 6
171 21 35 170 21 33 2
171 21 35 153 19 35 2
172 21 37 154 19 37 2
173 21 39 172 21 37 2
174 23 1 156 21 1 2
175 23 3 174 23 1 2
176 23 5 157 21 5 2
177 23 7 176 23 5 2
178 23 9 177 23 7 2
178 23 9 159 21 9 2
179 23 11 160 21 11 2
180 23 13 179 23 11 2
182 23 23 181 23 15 8
184 23 27 183 23 25 2
184 23 27 150 19 27 4
185 23 29 184 23 27 2
187 23 33 186 23 31 2
187 23 33 170 21 33 2
188 23 35 187 23 33 2
190 23 39 189 23 37 2
190 23 39 173 21 39 2
191 25 3 175 23 3 2
192 25 5 191 25 3 2
193 25 7 177 23 7 2
194 25 9 193 25 7 2
196 25 13 195 25 11 2
196 25 13 180 23 13 2
198 25 21 197 25 17 4
199 25 25 183 23 25 2
200 25 27 199 25 25 2
201 25 29 185 23 29 2
203 25 33 202 25 31 2
204 25 35 188 23 35 2
205 25 37 189 23 37 2
206 25 39 205 25 37 2
207 27 1 174 23 1 4
209 27 5 208 27 3 2
209 27 5 192 25 5 2
210 27 7 193 25 7 2
211 27 9 210 27 7 2
214 27 21 213 27 19 2
214 27 21 198 25 21 2
215 27 23 182 23 23 4
216 27 27 215 27 23 4
218 27 31 217 27 29 2
218 27 31 202 25 31 2
219 27 33 203 25 33 2
220 27 35 219 27 33 2
221 27 37 205 25 37 2
222 27 39 221 27 37 2
224 29 3 223 29 1 2
224 29 3 208 27 3 2
225 29 5 224 29 3 2
226 29 9 225 29 5 4
227 29 11 226 29 9 2
227 29 11 195 25 11 4
228 29 13 196 25 13 4
229 29 15 181 23 15 6
230 29 17 229 29 15 2
230 29 17 212 27 17 2
231 29 19 230 29 17 2
231 29 19 213 27 19 2
232 29 21 214 27 21 2
233 29 23 215 27 23 2
234 29 25 233 29 23 2
235 29 27 234 29 25 2
237 29 33 236 29 29 4
237 29 33 219 27 33 2
238 29 35 237 29 33 2
241 31 3 240 31 1 2
241 31 3 224 29 3 2
242 31 5 225 29 5 2
243 31 7 242 31 5 2
244 31 9 226 29 9 2
245 31 11 244 31 9 2
249 31 21 248 31 19 2
251 31 25 234 29 25 2
252 31 27 251 31 25 2
253 31 29 236 29 29 2
254 31 31 253 31 29 2
256 33 3 255 33 1 2
256 33 3 241 31 3 2
257 33 7 256 33 3 4
258 33 9 244 31 9 2
259 33 11 258 33 9 2
260 33 13 246 31 13 2
261 33 15 260 33 13 2
261 33 15 247 31 15 2
262 33 17 261 33 15 2
262 33 17 230 29 17 4
263 33 19 248 31 19 2
264 33 21 263 33 19 2
265 33 23 250 31 23 2
266 33 25 265 33 23 2
267 33 27 252 31 27 2
268 33 29 267 33 27 2
269 33 33 237 29 33 4
270 33 35 238 29 35 4
271 33 37 270 33 35 2
271 33 37 239 29 37 4
273 35 3 272 35 1 2
273 35 3 256 33 3 2
274 35 7 273 35 3 4
276 35 11 259 33 11 2
277 35 13 276 35 11 2
277 35 13 260 33 13 2
278 35 15 277 35 13 2
280 35 19 279 35 17 2
280 35 19 263 33 19 2
281 35 21 264 33 21 2
282 35 23 281 35 21 2
283 35 25 282 35 23 2
283 35 25 266 33 25 2
284 35 27 267 33 27 2
285 35 29 284 35 27 2
286 35 31 254 31 31 4
287 35 35 286 35 31 4
289 35 39 288 35 37 2
289 35 39 222 27 39 8
290 37 1 272 35 1 2
292 37 9 291 37 5 4
292 37 9 275 35 9 2
300 37 29 285 35 29 2
301 37 31 300 37 29 2
301 37 31 286 35 31 2
302 37 33 301 37 31 2
303 37 37 288 35 37 2
304 37 39 303 37 37 2
306 39 3 305 39 1 2
306 39 3 273 35 3 4
307 39 5 306 39 3 2
307 39 5 291 37 5 2
309 39 9 308 39 7 2
309 39 9 292 37 9 2
310 39 11 309 39 9 2
310 39 11 293 37 11 2
311 39 13 310 39 11 2
311 39 13 294 37 13 2
312 39 15 311 39 13 2
312 39 15 295 37 15 2
313 39 17 312 39 15 2
313 39 17 279 35 17 4
314 39 19 296 37 19 2
315 39 21 314 39 19 2
315 39 21 297 37 21 2
316 39 23 315 39 21 2
316 39 23 282 35 23 4
317 39 25 316 39 23 2
317 39 25 298 37 25 2
318 39 27 317 39 25 2
318 39 27 299 37 27 2
319 39 31 318 39 27 4
321 39 35 320 39 33 2
321 39 35 287 35 35 4
322 39 37 321 39 35 2
322 39 37 303 37 37 2
323 39 39 322 39 37 2
324 40 31 319 39 31 1
